times <- c(21.22928, 57.7856, 62.8058, 74.4789, 68.8528, 12.14486, 58.6085, 
  79.2953, 97.4896, 97.3225, 15.59132, 9.74537, 14.84264, 11.21054, 
  7.67147, 5.77482, 12.04697, 11.17393, 34.0371, 45.2803, 55.354, 
  58.552, 24.753, 82.7364)

outcomes <- c(TRUE, FALSE, FALSE, FALSE, FALSE, TRUE, FALSE, TRUE, FALSE, 
              FALSE, TRUE, TRUE, TRUE, TRUE, TRUE, TRUE, TRUE, TRUE, TRUE, 
              TRUE, FALSE, TRUE, TRUE, FALSE)

